
0[tensor([[ 0.3139, -2.5396,  1.5344,  ...,  0.9492, -0.2016, -0.5420],
        [ 0.1316, -0.2728,  0.5304,  ...,  0.5395, -0.2604,  0.1396],
        [ 1.3750,  2.1118, -0.3299,  ...,  1.6555,  0.5857, -0.3119],
        ...,
        [-0.9395, -0.3759, -1.0410,  ...,  1.5848, -0.9134,  1.0901],
        [-0.0554, -1.5789,  1.6793,  ...,  0.0961, -1.5021,  0.8644],
        [ 0.7118,  1.7396,  0.1622,  ..., -0.3488, -0.6756,  0.2190]]), tensor([[ 0.7756, -0.2570, -2.2669,  ..., -1.7106, -0.1555, -0.9532],
        [-0.2307, -0.6817,  0.3325,  ...,  0.2816,  0.0647,  0.3812],
        [-0.5086,  1.2045, -0.9637,  ...,  0.2085,  0.5102,  0.1562],
        ...,
        [-0.3422, -2.2541,  0.3608,  ...,  0.1849, -0.7999, -1.1354],
        [ 0.1660, -1.2947,  0.3231,  ..., -1.1827, -0.0891, -2.0164],
        [ 0.2574,  0.5980, -0.5687,  ...,  0.4253, -2.0476,  0.2323]]), tensor([[-4.6612e-01, -6.7284e-01, -9.7160e-02,  1.7068e-01,  1.2236e+00,
         -1.0336e+00, -4.8623e-02],
        [-2.1336e+00, -1.1790e+00, -1.0030e+00,  2.6082e-01,  6.7927e-02,
          1.5668e-01,  2.9545e-01],
        [-1.3121e+00, -1.0227e+00,  1.5571e+00, -1.7724e+00, -1.0783e+00,
          2.6025e+00, -6.6461e-01],
        [-8.1102e-01, -8.2093e-01,  3.5679e-01, -3.8017e-01,  9.2235e-01,
         -8.7847e-01, -1.0923e+00],
        [-1.0208e-01,  2.5671e-01,  4.9277e-01, -1.4819e+00,  5.4024e-01,
          2.6766e-01,  1.0570e-01],
        [-6.9826e-01, -1.8285e+00,  8.7200e-01,  4.8923e-01, -6.9226e-01,
         -7.4276e-01, -4.0205e-02],
        [ 6.9301e-01,  1.7173e-01, -4.7765e-01,  8.8286e-01,  7.3281e-01,
          1.0278e+00, -1.9041e+00],
        [ 2.2046e+00, -2.1276e-02, -1.0336e+00, -1.4234e+00,  1.4934e+00,
          2.9652e-02,  2.9535e-02],
        [-7.0401e-01,  6.3427e-01,  1.5378e+00,  1.5478e+00, -7.7439e-02,
         -1.9185e-01, -6.2775e-01],
        [-7.5388e-01,  7.7768e-01,  1.6326e+00,  6.2185e-01,  1.4018e-01,
          1.2719e+00, -3.1137e-01],
        [ 3.3846e-01,  1.5065e-01,  1.7742e+00,  6.7557e-01,  8.8239e-01,
          1.0130e+00, -9.2001e-02],
        [-1.4835e+00,  1.6963e-01,  1.8758e-02, -5.1194e-01, -8.2205e-01,
          1.3709e+00,  9.1781e-01],
        [ 7.2667e-01, -7.9475e-01,  3.1710e-01,  8.1027e-01, -6.8943e-01,
          3.9519e-01,  1.3781e-01],
        [-1.3378e+00,  6.2071e-01,  3.2132e-01,  6.0550e-01, -1.5333e+00,
         -1.4074e+00,  1.8046e+00],
        [-1.9210e+00, -3.7024e-01, -5.8850e-01, -7.1795e-01, -1.1295e+00,
          1.6613e+00,  1.4947e+00],
        [-1.6855e-01, -5.4412e-01,  1.3590e+00, -1.6574e+00,  1.2697e+00,
         -1.2309e-01, -1.7597e+00],
        [ 8.3730e-01,  1.8405e-01,  5.1855e-01,  1.7726e+00, -1.0498e+00,
         -3.4553e-01, -8.4053e-01],
        [ 1.8173e+00, -1.1963e+00, -1.4421e+00,  4.6367e-01, -1.2603e+00,
          9.9964e-01, -8.2894e-01],
        [ 3.0432e-01, -7.9486e-01, -9.3570e-01, -2.4472e-01,  2.1876e-01,
          4.2504e-01,  2.9112e-01],
        [-1.5742e+00,  4.1537e-01, -2.0942e-01, -6.0960e-01,  2.2378e-01,
         -1.1021e+00, -1.6308e+00],
        [-8.3703e-01,  3.7034e-01, -1.0365e-01,  5.3062e-01, -6.0373e-01,
         -1.4818e+00, -1.0187e+00],
        [ 5.1541e-01, -5.3688e-01,  3.6551e-01,  1.6474e+00, -6.2630e-01,
         -9.5098e-02,  3.6381e-01],
        [ 2.2856e-01,  4.0504e-01,  4.5552e-01, -2.8648e-02, -1.4595e+00,
          3.9709e-01, -7.1856e-01],
        [ 6.6491e-01,  1.9743e-01,  2.0390e+00,  9.8561e-01, -8.1742e-01,
         -6.3341e-01, -9.5238e-01],
        [-2.7034e-01, -8.0109e-01,  4.3996e-01,  9.5711e-01,  7.3047e-01,
         -3.3889e-02,  4.5481e-01],
        [-2.6415e-01,  6.0102e-01,  3.4588e-01, -6.2144e-01,  2.9541e-01,
          6.1804e-01,  2.4514e-02],
        [ 2.9975e-01,  1.4926e+00,  3.5512e-02, -6.7174e-01,  1.0005e+00,
          1.0223e+00, -5.3495e-01],
        [-8.1341e-03,  5.5359e-01, -7.1444e-01,  1.8263e+00,  9.1799e-01,
         -4.2843e-01,  1.4682e+00],
        [ 8.8265e-01, -6.9537e-01,  1.1863e+00, -1.0125e+00,  4.8771e-01,
          1.1516e+00, -1.6703e+00],
        [-6.6837e-02, -9.0280e-01,  1.3021e+00,  9.5001e-01, -4.5077e-02,
         -4.7092e-01, -2.1003e-01],
        [ 5.7615e-02,  1.9729e-01,  3.9354e-01, -1.0971e+00,  5.5975e-01,
         -8.3211e-01, -1.3996e+00],
        [-3.1855e-01,  3.5679e-01,  1.1292e-01,  9.2773e-01, -1.5275e+00,
          1.4961e-01,  1.4547e+00],
        [ 1.2340e+00,  1.1045e+00, -1.3894e+00, -1.0540e+00, -8.2901e-01,
         -9.1284e-01,  1.7154e+00],
        [ 5.6275e-01,  5.9927e-01,  3.0702e-01, -1.3877e+00,  9.2471e-01,
         -4.1102e-01, -1.4868e+00],
        [ 1.2775e+00,  4.6657e-01, -1.1673e+00, -1.8648e-01, -4.1317e-01,
          8.7233e-01, -4.0648e-01],
        [-2.0974e-01, -1.0782e+00, -8.5676e-02, -4.0457e-01, -2.7887e-01,
         -1.0242e+00,  2.3664e+00],
        [-1.9161e-01,  7.2203e-02, -1.1556e+00,  1.2260e+00, -4.5108e-01,
         -2.6998e-01, -1.3451e-01],
        [-9.3008e-02,  1.3058e+00,  2.0879e-01,  2.6338e-01, -1.3469e+00,
          7.3591e-02,  1.5855e+00],
        [ 5.3620e-01, -1.0693e-01,  9.1717e-02,  1.5513e+00,  1.6010e+00,
          1.1467e+00,  1.6536e-01],
        [-8.4650e-01, -7.3035e-01,  4.1047e-01,  1.7225e-01,  7.5451e-02,
         -5.9650e-01, -7.9930e-01],
        [ 2.1383e+00,  7.5718e-01, -1.7393e+00,  5.9507e-01,  5.7065e-01,
          8.4718e-01, -4.1430e-01],
        [ 1.2957e+00, -1.9835e-03,  1.1613e+00, -1.0166e+00,  6.8602e-01,
          7.5782e-01,  1.7367e+00],
        [ 4.1956e-01,  1.8673e+00,  2.2765e-01,  5.9968e-01, -1.3885e+00,
         -4.4924e-01,  9.6419e-01],
        [ 5.3783e-01, -5.6989e-01, -6.5006e-01, -8.6505e-02,  1.6066e+00,
          6.6049e-01,  1.0014e+00],
        [ 5.3308e-01, -1.0532e-01,  9.2341e-01, -5.3203e-01, -1.2051e-02,
         -6.0691e-01, -1.0992e+00],
        [-3.4784e-01, -4.5092e-02,  2.3659e-01,  2.1112e+00,  5.7021e-01,
         -1.2571e+00, -4.5628e-01],
        [ 5.7882e-02,  2.2391e+00,  3.7733e-01,  4.4407e-01,  9.9459e-01,
          1.9612e+00, -8.2585e-02],
        [-1.8109e-01, -4.1338e-01, -1.7020e-01,  1.1652e+00,  7.8266e-02,
          1.3442e+00, -5.2413e-01],
        [ 4.5030e-01,  1.1648e+00,  8.4043e-01, -2.4984e-01, -1.3161e+00,
          1.7061e+00, -5.7429e-03],
        [ 1.1235e+00,  5.4434e-01,  4.8452e-01, -1.8268e-01, -1.0950e-01,
         -6.5897e-01, -1.7391e-01],
        [-6.8718e-01, -1.6167e+00,  1.4799e+00,  4.9988e-01,  1.9981e+00,
          5.1065e-01, -1.0133e+00],
        [ 1.0595e+00,  7.0630e-03,  1.2431e-01,  2.3511e-01,  8.6226e-02,
         -5.0098e-01,  9.7359e-02],
        [ 1.2749e+00,  1.0986e+00,  2.8744e-01, -1.8813e+00,  1.1330e+00,
          6.8529e-01,  8.4185e-01],
        [-1.2289e+00,  4.2279e-01, -1.7724e+00, -1.1528e+00,  7.4950e-01,
          4.6178e-01, -1.9612e+00],
        [ 5.6168e-01,  1.1961e+00,  9.6574e-01,  2.2028e+00,  1.4429e-01,
          2.7535e-02,  6.1638e-01],
        [ 5.7730e-01, -4.9198e-01,  1.3745e+00, -2.5494e-01, -6.0714e-02,
          1.8059e-01, -1.6264e+00],
        [ 8.6560e-01, -4.2441e-01,  2.9242e-01, -1.0358e+00,  1.4156e+00,
          1.9255e-01,  2.0614e+00],
        [-7.8628e-01, -2.4170e-01,  4.2087e-01, -5.6646e-01,  2.2733e-01,
         -1.1795e+00, -2.6655e+00],
        [-1.0815e+00, -9.0551e-01, -2.9228e-02, -4.3310e-01, -1.4757e+00,
         -8.9373e-01, -1.7091e-01],
        [-1.0704e+00, -9.6905e-01, -6.2982e-02,  5.3694e-01, -1.8178e-01,
          7.5145e-01,  2.9951e-01],
        [-8.4524e-01,  5.6447e-01,  1.0125e+00,  7.3039e-02,  1.2454e+00,
         -1.0106e+00, -1.0581e+00],
        [-1.3923e-01,  3.0298e-01,  9.0493e-01, -1.2737e+00,  2.3167e+00,
         -1.6326e+00,  6.8381e-01],
        [ 1.9211e+00,  1.1923e+00,  9.0996e-01, -4.5897e-01,  1.5974e-01,
          2.1612e+00,  1.4074e+00],
        [-4.0495e-01,  1.1058e+00,  1.1490e+00,  1.5284e+00,  5.4841e-01,
          9.0375e-01, -9.1330e-02],
        [ 1.3258e+00, -1.4662e+00, -9.7332e-01, -6.2860e-01,  2.4426e-01,
         -1.5134e-01, -6.7377e-01],
        [ 4.5066e-01, -4.9203e-01,  1.9918e-01, -5.9660e-01, -6.0932e-01,
          3.2275e-02, -2.7767e+00],
        [ 1.2702e+00, -7.1023e-01, -1.2121e+00, -1.8264e+00,  4.9927e-01,
          1.0543e+00,  4.4399e-01],
        [ 1.5723e-01,  7.9052e-01,  1.8506e-01, -1.3408e+00, -3.1709e-01,
         -8.0756e-01, -5.4548e-01],
        [ 1.3881e+00, -2.0384e+00,  2.9029e-01,  6.4058e-01,  2.2576e+00,
         -3.1494e-01,  9.5945e-01],
        [ 1.2824e+00,  7.1520e-01, -6.0178e-01, -1.1055e+00,  1.9417e+00,
         -1.1243e+00,  2.6631e-01],
        [ 5.1501e-01,  7.6181e-01,  1.1290e+00,  2.7024e-02, -1.1173e+00,
         -3.9472e-01,  3.4741e-01],
        [-4.5436e-02,  6.3877e-01,  5.7350e-01,  1.8800e-01, -4.6684e-01,
         -9.3479e-01, -1.0811e+00],
        [-2.0761e+00,  1.0905e+00,  1.1198e+00,  1.5582e-01, -4.4886e-01,
          5.4012e-02,  1.7219e+00],
        [-9.1233e-01, -5.7680e-01, -1.4007e-01, -1.1764e+00, -8.3478e-01,
          1.5925e+00, -1.0528e-01],
        [ 7.0197e-01, -5.6707e-01,  1.5333e-01, -5.9664e-01,  5.2624e-02,
          3.3229e-01,  6.0630e-01],
        [-4.6408e-01, -2.5183e+00, -3.3595e-01, -1.6618e+00, -4.5609e-01,
         -1.7783e+00,  7.3551e-01],
        [ 3.3730e-01,  6.8685e-01,  4.5263e-01, -8.4363e-02,  8.2325e-01,
          3.0741e-01, -1.9370e+00],
        [-4.5125e-01,  6.1050e-01, -1.2475e+00, -2.0342e+00,  5.3365e-01,
         -2.3419e-01,  9.6172e-03],
        [-1.6263e+00, -1.2459e-01, -1.0688e-01,  5.0449e-01,  8.8303e-02,
          8.8253e-01,  2.1775e-01],
        [ 8.4353e-01, -9.9393e-01,  3.3566e-01, -1.0423e+00,  1.3511e+00,
          1.0219e+00,  7.6289e-01],
        [ 5.7734e-01,  1.0612e+00,  1.0258e+00, -1.1420e+00, -2.3821e-01,
          1.3139e+00, -3.0025e-01],
        [ 1.5706e+00,  1.2024e+00,  6.7692e-01, -9.2461e-02,  2.0387e+00,
          4.2127e-01, -1.5855e+00],
        [-1.5432e-01,  7.6498e-01, -5.3182e-01, -1.2935e+00,  1.6231e-01,
          4.1914e-01,  4.0055e-01],
        [ 2.1394e-01,  5.9366e-01,  2.3184e-01,  5.0513e-01,  4.3877e-01,
          7.5197e-01, -3.6498e-01],
        [ 9.4039e-01,  1.6488e+00, -3.8731e-01,  1.3482e+00, -1.2419e-01,
         -2.3009e+00,  3.2271e-02],
        [-1.3669e+00, -1.1641e-01,  6.7582e-01,  2.1902e-01,  1.2614e+00,
          6.2213e-01,  2.2823e-01],
        [-6.9097e-01, -1.9769e-01,  7.5225e-01,  1.1319e+00, -2.1607e+00,
          1.1418e+00,  3.5877e-01],
        [-2.7979e+00, -1.9115e+00, -1.3031e-01,  9.3697e-01,  1.8012e-02,
         -1.9567e-01,  1.2904e+00],
        [-1.7880e+00,  6.5861e-01, -8.1486e-01,  1.8357e+00,  2.0838e-01,
         -3.5084e-02, -1.1239e-01],
        [ 1.1564e-01,  1.2875e+00, -2.5426e+00, -8.4077e-02, -1.3173e+00,
          2.0093e-01,  1.1759e+00],
        [ 4.3237e-01,  5.1902e-01,  5.7599e-02, -1.8867e+00,  2.0265e+00,
          7.9999e-01, -1.0809e+00],
        [-1.2191e+00, -6.9337e-01,  1.6770e+00, -6.3046e-01, -6.6386e-01,
          9.2356e-01,  2.0080e-01],
        [ 1.1865e+00,  4.7334e-01,  1.3322e+00,  5.2193e-01,  2.9157e-01,
          5.7100e-04, -2.6869e-01],
        [ 1.4027e+00,  1.8854e-01,  1.6386e-01, -1.8086e-01,  6.1636e-01,
         -3.4996e-01, -6.1550e-01],
        [ 7.8631e-01, -4.0824e-01, -8.5831e-01,  2.2200e+00,  1.6479e+00,
          1.0708e+00, -5.6709e-01],
        [-4.4979e-02,  1.4524e+00,  4.2647e-01, -2.9567e-01, -3.2534e-01,
          8.0777e-01,  1.5791e-01],
        [ 4.5501e-01,  1.8669e+00,  4.7338e-01,  1.4306e+00,  2.5201e-01,
         -4.7409e-01,  6.8503e-01],
        [ 4.9489e-01,  1.9987e+00, -3.3256e-01, -6.7357e-01,  9.9322e-01,
         -1.7616e-01, -1.7548e-01],
        [-3.0331e-01,  1.2885e-01,  5.9574e-01, -1.5191e-01,  2.0400e-01,
          1.4564e+00,  9.5776e-02],
        [-1.3737e+00, -9.5849e-01, -9.1161e-02,  1.0082e+00, -1.1892e+00,
         -1.4046e+00,  9.2710e-01]])]
0[tensor([[ 0.9270, -0.9861,  0.3850,  ..., -1.1619, -1.0866,  0.9629],
        [-0.8721,  0.7912, -0.3369,  ...,  0.7230,  0.5227, -1.1005],
        [ 0.2991, -0.6643, -0.6391,  ..., -0.7877,  2.0804,  0.0407],
        ...,
        [ 0.1346, -1.0813, -0.5840,  ..., -0.1476,  0.8594,  0.9968],
        [-1.9052, -1.0389, -0.7439,  ...,  0.2085,  0.5623,  1.4324],
        [ 1.6112,  1.7395,  1.2810,  ...,  1.2170,  1.5460,  0.1671]]), tensor([[ 0.1445, -0.2715, -0.4236,  ...,  0.7400,  0.2587, -0.3064],
        [-0.2828,  0.3201, -0.2712,  ...,  0.8309, -1.2922,  0.2124],
        [ 0.7406, -0.9293, -1.6147,  ..., -1.2650, -0.9769,  0.9170],
        ...,
        [ 1.0081,  0.4088,  1.9926,  ...,  0.4921, -0.2266, -0.9383],
        [ 0.2598,  0.1812, -1.1148,  ..., -0.2184,  0.3701, -0.3191],
        [ 0.7369,  0.6119, -0.3581,  ..., -1.9185,  1.7547,  1.9203]]), tensor([[-3.0527e-01, -2.0655e-01,  5.8384e-01, -1.3027e-01, -8.5002e-01,
          9.9211e-01, -1.1946e+00],
        [-1.1673e+00, -1.1987e-01,  5.6867e-01, -7.1621e-01,  7.2447e-01,
          1.6200e+00,  9.1593e-01],
        [-1.3163e+00,  6.6538e-01,  5.0404e-02, -5.6252e-01, -1.4820e-01,
          3.3329e-01,  1.1106e+00],
        [ 1.5826e+00, -4.1542e-03, -7.1645e-02,  1.6732e-01, -1.3201e+00,
         -8.8491e-01,  1.0925e+00],
        [-9.2282e-01, -1.0399e+00,  1.5384e+00,  1.1997e+00,  5.1166e-02,
         -7.9195e-01,  6.7750e-02],
        [-1.7264e+00,  8.9339e-01,  1.1618e+00,  1.9288e-01,  2.6997e-01,
         -1.0367e+00,  8.2862e-01],
        [-5.1458e-01,  4.6400e-01,  8.7072e-01,  5.1477e-01, -6.6714e-01,
          2.2284e+00, -6.9942e-01],
        [-7.2260e-01,  7.9399e-01, -2.3131e-01,  9.7420e-01, -9.1456e-01,
          4.5493e-01,  3.2348e-01],
        [-2.8423e-01,  6.8828e-01,  9.3064e-01,  7.7461e-01, -3.7363e-01,
         -1.2504e-01,  5.0862e-02],
        [-8.2716e-01, -3.3225e-01,  5.1708e-01, -2.2301e+00, -7.2747e-01,
          2.3529e-01,  1.2113e-01],
        [-8.6259e-02,  8.0946e-01, -2.7632e-01, -3.1024e-01, -1.9533e-02,
          9.1453e-01,  1.2567e+00],
        [-1.0222e+00, -3.8165e-01,  6.5559e-02, -2.2289e-01, -1.0841e+00,
         -6.4188e-01,  7.2561e-01],
        [-3.0145e-01, -1.0194e+00, -1.0612e+00, -1.7832e-01, -1.5469e+00,
          5.6800e-01,  1.3388e+00],
        [-4.0757e-01,  4.4917e-01, -6.2564e-01,  1.0702e+00,  3.6680e-01,
         -2.5085e+00, -4.6809e-01],
        [ 2.3045e+00,  5.6398e-01, -1.1193e-01,  1.4078e-01,  9.5019e-01,
          4.0326e-01, -7.0705e-01],
        [-4.3399e-01,  5.3085e-01, -3.8977e-01,  1.4096e+00,  1.3820e+00,
         -8.9072e-02,  2.0058e-01],
        [-7.6747e-01, -6.5657e-01,  7.2447e-01,  1.3546e-01, -3.2377e-02,
         -2.6742e+00, -1.8885e-01],
        [ 4.4770e-01,  2.2930e-01,  4.4433e-01,  5.2465e-01,  5.8127e-01,
         -1.0227e+00, -4.2628e-02],
        [ 1.2711e+00,  1.7190e-02, -1.8041e+00, -2.2185e-01,  1.8003e-01,
          6.4599e-01, -4.5381e-01],
        [-5.1058e-01, -1.3859e+00,  8.5019e-02, -1.0771e+00,  1.1361e+00,
          1.4567e-01, -5.4601e-01],
        [ 2.8118e-01,  7.8266e-01, -1.6937e+00,  1.0916e-01,  7.0348e-01,
          3.5722e-01, -5.3560e-01],
        [-2.2683e-01,  2.4816e+00,  2.2123e+00, -1.7946e+00,  4.4032e-01,
          8.2568e-02,  1.3245e+00],
        [-3.5194e-01,  1.2873e-01, -1.6205e+00,  7.1360e-01, -4.2582e-01,
         -1.4284e+00,  1.1067e+00],
        [-3.5088e-01,  1.8016e+00,  1.8119e+00, -1.1196e+00, -1.0223e+00,
         -5.6873e-01, -3.9958e-01],
        [ 1.7518e+00, -5.4196e-01, -1.3376e+00, -4.1827e-01,  2.7395e+00,
         -1.0963e-01, -1.6971e+00],
        [ 7.7730e-01,  7.4952e-01,  5.2342e-01,  6.8296e-01, -1.5793e+00,
         -6.6608e-01, -6.6731e-01],
        [ 1.1157e+00,  8.7157e-01,  3.7895e-01,  1.1419e+00,  1.0858e+00,
          3.5652e-01, -1.3143e+00],
        [-6.0223e-01,  4.4457e-01,  6.7635e-01, -1.1979e+00,  1.4688e+00,
         -8.0436e-01,  1.5989e-01],
        [-8.1958e-01,  5.8431e-01,  3.1782e-01,  8.7993e-01,  1.2978e+00,
         -4.8492e-01, -5.2828e-01],
        [-4.8809e-02,  1.2855e+00, -1.0659e+00, -1.1736e+00,  6.3142e-01,
          1.6911e+00,  9.1340e-01],
        [-1.0251e+00,  6.0087e-01,  2.3689e-01,  3.4991e-01,  4.0369e-01,
         -3.4467e-01,  1.5661e-01],
        [-1.1340e-01,  1.2690e+00,  1.3438e-01, -4.7477e-02, -1.6565e-02,
          2.1693e+00, -1.4943e+00],
        [ 1.1284e+00,  1.1002e+00,  9.0023e-01,  3.3566e-02, -1.0764e+00,
          2.9089e-01,  2.3641e+00],
        [ 8.4942e-02, -1.8994e+00,  1.9201e+00,  1.7076e+00,  1.3242e+00,
         -1.9061e+00,  1.6185e+00],
        [-5.8867e-01, -1.0271e+00, -1.8688e+00,  1.1946e-01, -2.2539e-02,
          1.2498e+00, -9.0014e-01],
        [-2.9447e-01, -9.8269e-01,  2.8406e-01,  7.9251e-01,  4.7227e-01,
          3.4921e+00,  1.0617e-02],
        [ 9.9129e-01, -1.5782e+00, -7.5422e-01, -2.0476e+00, -2.2984e-01,
          1.2195e+00,  3.7572e-01],
        [-5.1824e-01,  9.6830e-01,  4.7953e-01,  1.7856e-01,  2.5440e-01,
          1.8160e-01,  9.5140e-01],
        [ 2.5595e+00, -1.1237e+00,  1.9679e-01, -8.4772e-01,  1.2512e-01,
         -1.2192e+00,  3.7458e-02],
        [-1.6850e-01, -8.4350e-01,  9.2341e-01, -4.9289e-03,  3.7434e-01,
          6.9512e-01,  2.3697e+00],
        [ 4.9642e-01, -1.2232e+00, -9.1568e-01,  1.9722e-01, -1.2829e+00,
          5.1498e-01, -2.3170e-02],
        [ 1.0984e+00, -5.4123e-01, -2.9357e-01, -1.0302e+00, -6.6476e-01,
          7.8063e-01,  5.2927e-01],
        [ 8.4362e-01,  7.1009e-01, -9.9177e-01, -5.9518e-01, -8.7758e-01,
         -6.1526e-01, -7.3450e-03],
        [-2.3752e-01,  2.7101e-01,  3.6480e-01,  1.9951e-01, -1.3427e+00,
          1.6815e-01, -2.7456e-01],
        [ 4.2473e-01, -1.1415e+00, -8.2689e-01, -2.4397e-02, -4.0113e-02,
         -1.0161e+00, -5.3199e-02],
        [-2.2176e-01, -2.1451e-02, -9.3408e-01,  1.2398e+00,  6.3326e-01,
          3.1728e+00,  1.0521e+00],
        [ 9.6168e-01, -1.0575e+00,  7.0902e-01, -1.0510e+00,  7.5031e-01,
         -1.0343e+00,  1.1840e+00],
        [-5.2765e-01,  6.6040e-01, -2.2205e+00, -6.8791e-01,  1.1668e+00,
         -1.0394e+00,  9.0447e-01],
        [-1.4071e+00, -1.4835e+00, -6.4749e-01, -1.0864e+00, -8.0261e-01,
         -1.5122e+00, -5.4408e-01],
        [-1.4400e-01, -1.4424e+00, -5.6365e-01, -8.0041e-01,  3.1074e-01,
         -3.9435e-01,  2.0996e+00],
        [ 7.3443e-01,  5.6352e-01,  7.4582e-02, -1.8092e-01,  3.5611e-01,
         -7.3841e-02,  1.8836e-01],
        [ 1.5910e+00,  9.7962e-01,  1.0162e-01, -1.2850e-02, -1.1551e+00,
          8.6332e-01,  1.3639e-03],
        [ 1.6856e+00, -2.1741e+00,  6.0169e-01,  1.0975e+00,  6.2611e-02,
         -2.1397e-01, -7.1378e-01],
        [-5.4301e-01, -4.6685e-01, -1.5377e+00, -9.0732e-01, -9.6810e-01,
          2.0771e+00, -1.0479e+00],
        [ 8.4567e-02, -1.0677e-01, -4.1901e-01, -7.6056e-01,  1.3339e+00,
          2.6313e-01, -5.5701e-01],
        [-8.2893e-01, -2.9326e-01, -2.1457e+00, -4.5187e-01,  1.2235e+00,
          3.9085e-01, -4.3401e-01],
        [ 3.0247e-01,  8.2723e-01,  1.5852e+00, -7.2456e-02,  3.1393e-01,
          1.1604e-01,  1.2874e+00],
        [-1.3329e+00, -9.9483e-01, -1.6092e+00,  1.3291e+00,  5.9234e-01,
         -2.5798e+00, -3.0172e-01],
        [-1.2152e+00, -1.6536e-01, -4.5029e-01, -3.7426e-01, -2.6936e+00,
          8.8300e-01, -4.3884e-01],
        [-7.4307e-01, -1.6617e+00,  1.3222e-01,  9.3179e-01, -5.2956e-01,
         -9.5682e-01,  5.9437e-01],
        [ 1.2087e+00,  1.2218e+00, -3.1271e-01,  3.4084e-02, -1.7426e-01,
         -9.0374e-01, -1.6132e+00],
        [-1.1257e+00,  1.6114e+00, -1.0346e+00, -1.1102e+00, -2.6786e-01,
         -2.1424e-01,  1.3198e-01],
        [ 3.3857e+00,  2.8181e-01,  8.5473e-01, -9.7059e-01,  1.2229e+00,
         -4.6614e-01, -9.4329e-01],
        [ 6.4980e-01,  2.1040e-02, -8.0580e-01,  1.1329e+00, -3.9462e-01,
          9.5714e-02, -9.4576e-01],
        [-4.7393e-01,  5.6155e-01,  2.7966e-01,  7.5498e-01,  1.7422e+00,
          1.0175e+00,  8.4280e-01],
        [-2.2977e-01,  5.6165e-03,  1.6013e-01,  1.8851e-01, -2.2655e-01,
          4.1295e-01,  8.1400e-01],
        [-1.2111e+00,  1.6325e+00,  4.2748e-01,  3.5178e-01,  1.8301e+00,
          5.3819e-01, -5.6349e-01],
        [-3.8901e-01,  1.1670e+00,  5.9555e-02, -7.3202e-01, -2.9399e-01,
         -9.0161e-01, -1.1528e-01],
        [ 3.7597e-02,  1.8595e+00, -9.1489e-01,  3.2856e-01,  7.4576e-01,
         -8.6951e-01, -3.0084e-01],
        [ 1.5878e-01,  9.4633e-01,  1.3873e+00, -9.3825e-01,  8.0544e-03,
         -5.2966e-01, -1.6175e+00],
        [-6.3527e-01, -1.7203e+00, -1.5818e+00, -6.3450e-01, -5.5462e-01,
          1.2034e+00, -1.6361e-01],
        [ 9.9339e-01,  3.4286e-01, -4.9268e-01,  2.6094e-01, -8.8994e-01,
          1.7233e+00, -1.0863e+00],
        [-7.9819e-01, -2.1121e+00, -6.3149e-01, -8.2431e-01, -6.0739e-01,
          6.2511e-02,  2.7650e-01],
        [-5.5581e-01, -4.6061e-01,  3.5051e-01,  1.4369e+00,  7.0103e-01,
          3.8413e-01, -6.1459e-01],
        [-1.2227e-01, -7.0239e-01,  3.4635e-01, -1.0901e-01, -1.7903e+00,
          2.7914e-01,  1.9204e+00],
        [ 1.8891e-01,  1.5402e+00, -8.6417e-01, -8.3714e-02, -1.2338e+00,
         -1.5503e+00, -7.7892e-01],
        [ 7.9175e-01,  1.4441e+00, -5.3730e-01, -5.9142e-01,  3.4549e-02,
         -1.8008e+00, -1.4407e+00],
        [ 2.8705e-01,  8.9332e-01, -6.0522e-01,  2.1857e-01,  2.6391e-02,
         -5.0506e-01, -1.2108e+00],
        [-8.8339e-01,  1.9962e+00, -3.7370e-01, -2.3588e-01,  3.1328e-01,
         -4.5746e-01,  1.6116e+00],
        [-3.7426e-01, -9.0401e-01,  7.6678e-01, -1.0615e+00,  3.6936e-01,
          2.8144e-01,  1.1592e+00],
        [ 5.8716e-01,  8.7804e-01,  1.2067e-01,  7.9974e-01, -1.3159e+00,
          2.5295e-01,  5.3983e-01],
        [ 7.5324e-01, -4.1184e-01, -4.0054e-01,  1.3906e-01,  9.5320e-01,
         -4.8554e-01, -4.5460e-01],
        [-6.6334e-01,  2.8350e+00,  6.4695e-01, -1.7119e+00, -2.0129e+00,
          1.1332e-02,  1.0631e-01],
        [ 2.2990e-01,  1.0490e+00, -5.5437e-01,  1.2498e+00,  1.6494e+00,
          6.0672e-01, -1.4600e+00],
        [-2.3198e-01, -7.2658e-01,  5.6606e-01, -3.1449e-01,  5.4115e-01,
          6.7807e-01, -4.9101e-01],
        [-8.7923e-01, -8.3520e-01, -6.1772e-01, -5.0649e-01,  9.6831e-01,
          2.4375e+00,  4.2178e-01],
        [-9.8978e-01,  1.5045e+00,  1.0177e+00,  2.6548e+00, -8.5316e-01,
         -3.7167e-01, -1.3964e+00],
        [-1.1796e+00, -8.5325e-02,  6.2197e-01, -8.3556e-01,  1.5029e-01,
          1.9183e-01, -5.8143e-01],
        [-6.3956e-01,  2.3489e-01, -4.8500e-01,  1.2548e+00,  1.4162e+00,
          8.7006e-01, -2.1437e+00],
        [-1.0656e+00, -4.1067e-01,  6.7059e-01, -6.6419e-01, -9.5110e-01,
         -1.2271e+00,  4.3210e-01],
        [ 1.6605e-01,  3.3153e-01,  1.1680e+00, -1.8585e+00, -1.5173e-01,
          8.6853e-01, -1.2574e+00],
        [-2.4855e-01,  9.5823e-01,  8.5597e-01, -4.4377e-01, -5.1479e-01,
         -2.3774e-01, -9.3002e-01],
        [ 9.3865e-01,  7.3895e-01, -8.1213e-01, -1.4652e+00,  2.4175e+00,
          6.2470e-01,  9.1318e-01],
        [ 2.1714e+00, -3.0714e-01, -4.0637e-01,  3.1099e-01,  7.5103e-01,
          5.2901e-01, -2.2984e-01],
        [ 2.8245e-01,  1.4916e+00,  1.0122e+00, -1.0712e+00, -1.8505e-01,
         -6.0142e-01, -1.8560e+00],
        [-5.2699e-01,  5.9160e-01,  2.5648e-01, -5.7481e-01, -1.4744e+00,
         -6.8342e-02, -1.1819e+00],
        [-4.8756e-01,  4.0518e-01,  1.4995e-01,  1.2482e+00,  1.5585e+00,
         -5.3326e-01,  2.8085e-01],
        [ 2.2932e-01, -3.2252e-01,  4.8682e-02,  7.4387e-01, -2.2156e+00,
         -1.8163e-01,  3.8559e-01],
        [ 7.6027e-01, -5.1167e-01, -6.4663e-01, -4.7060e-01, -7.5212e-02,
          5.6295e-01,  1.5354e+00],
        [-7.2131e-01,  1.0333e+00, -4.9648e-01, -1.6076e+00,  1.0142e+00,
         -7.3889e-02,  5.3234e-01]])]
